R01_S00     -296250.     -169250. 4000 4072    0  3999     0  4071
R01_S01     -296250.     -127000. 4000 4072    0  3999     0  4071
R01_S02     -296250.     -84750.0 4000 4072    0  3999     0  4071
R01_S10     -254000.     -169250. 4000 4072    0  3999     0  4071
R01_S11     -254000.     -127000. 4000 4072    0  3999     0  4071
R01_S12     -254000.     -84750.0 4000 4072    0  3999     0  4071
R01_S20     -211750.     -169250. 4000 4072    0  3999     0  4071
R01_S21     -211750.     -127000. 4000 4072    0  3999     0  4071
R01_S22     -211750.     -84750.0 4000 4072    0  3999     0  4071
R02_S00     -296250.     -42250.0 4000 4072    0  3999     0  4071
R02_S01     -296250.      0.00000 4000 4072    0  3999     0  4071
R02_S02     -296250.      42250.0 4000 4072    0  3999     0  4071
R02_S10     -254000.     -42250.0 4000 4072    0  3999     0  4071
R02_S11     -254000.      0.00000 4000 4072    0  3999     0  4071
R02_S12     -254000.      42250.0 4000 4072    0  3999     0  4071
R02_S20     -211750.     -42250.0 4000 4072    0  3999     0  4071
R02_S21     -211750.      0.00000 4000 4072    0  3999     0  4071
R02_S22     -211750.      42250.0 4000 4072    0  3999     0  4071
R03_S00     -296250.      84750.0 4000 4072    0  3999     0  4071
R03_S01     -296250.      127000. 4000 4072    0  3999     0  4071
R03_S02     -296250.      169250. 4000 4072    0  3999     0  4071
R03_S10     -254000.      84750.0 4000 4072    0  3999     0  4071
R03_S11     -254000.      127000. 4000 4072    0  3999     0  4071
R03_S12     -254000.      169250. 4000 4072    0  3999     0  4071
R03_S20     -211750.      84750.0 4000 4072    0  3999     0  4071
R03_S21     -211750.      127000. 4000 4072    0  3999     0  4071
R03_S22     -211750.      169250. 4000 4072    0  3999     0  4071
R10_S00     -169250.     -296250. 4000 4072    0  3999     0  4071
R10_S01     -169250.     -254000. 4000 4072    0  3999     0  4071
R10_S02     -169250.     -211750. 4000 4072    0  3999     0  4071
R10_S10     -127000.     -296250. 4000 4072    0  3999     0  4071
R10_S11     -127000.     -254000. 4000 4072    0  3999     0  4071
R10_S12     -127000.     -211750. 4000 4072    0  3999     0  4071
R10_S20     -84750.0     -296250. 4000 4072    0  3999     0  4071
R10_S21     -84750.0     -254000. 4000 4072    0  3999     0  4071
R10_S22     -84750.0     -211750. 4000 4072    0  3999     0  4071
R11_S00     -169250.     -169250. 4000 4072    0  3999     0  4071
R11_S01     -169250.     -127000. 4000 4072    0  3999     0  4071
R11_S02     -169250.     -84750.0 4000 4072    0  3999     0  4071
R11_S10     -127000.     -169250. 4000 4072    0  3999     0  4071
R11_S11     -127000.     -127000. 4000 4072    0  3999     0  4071
R11_S12     -127000.     -84750.0 4000 4072    0  3999     0  4071
R11_S20     -84750.0     -169250. 4000 4072    0  3999     0  4071
R11_S21     -84750.0     -127000. 4000 4072    0  3999     0  4071
R11_S22     -84750.0     -84750.0 4000 4072    0  3999     0  4071
R12_S00     -169250.     -42250.0 4000 4072    0  3999     0  4071
R12_S01     -169250.      0.00000 4000 4072    0  3999     0  4071
R12_S02     -169250.      42250.0 4000 4072    0  3999     0  4071
R12_S10     -127000.     -42250.0 4000 4072    0  3999     0  4071
R12_S11     -127000.      0.00000 4000 4072    0  3999     0  4071
R12_S12     -127000.      42250.0 4000 4072    0  3999     0  4071
R12_S20     -84750.0     -42250.0 4000 4072    0  3999     0  4071
R12_S21     -84750.0      0.00000 4000 4072    0  3999     0  4071
R12_S22     -84750.0      42250.0 4000 4072    0  3999     0  4071
R13_S00     -169250.      84750.0 4000 4072    0  3999     0  4071
R13_S01     -169250.      127000. 4000 4072    0  3999     0  4071
R13_S02     -169250.      169250. 4000 4072    0  3999     0  4071
R13_S10     -127000.      84750.0 4000 4072    0  3999     0  4071
R13_S11     -127000.      127000. 4000 4072    0  3999     0  4071
R13_S12     -127000.      169250. 4000 4072    0  3999     0  4071
R13_S20     -84750.0      84750.0 4000 4072    0  3999     0  4071
R13_S21     -84750.0      127000. 4000 4072    0  3999     0  4071
R13_S22     -84750.0      169250. 4000 4072    0  3999     0  4071
R14_S00     -169250.      211750. 4000 4072    0  3999     0  4071
R14_S01     -169250.      254000. 4000 4072    0  3999     0  4071
R14_S02     -169250.      296250. 4000 4072    0  3999     0  4071
R14_S10     -127000.      211750. 4000 4072    0  3999     0  4071
R14_S11     -127000.      254000. 4000 4072    0  3999     0  4071
R14_S12     -127000.      296250. 4000 4072    0  3999     0  4071
R14_S20     -84750.0      211750. 4000 4072    0  3999     0  4071
R14_S21     -84750.0      254000. 4000 4072    0  3999     0  4071
R14_S22     -84750.0      296250. 4000 4072    0  3999     0  4071
R20_S00     -42250.0     -296250. 4000 4072    0  3999     0  4071
R20_S01     -42250.0     -254000. 4000 4072    0  3999     0  4071
R20_S02     -42250.0     -211750. 4000 4072    0  3999     0  4071
R20_S10      0.00000     -296250. 4000 4072    0  3999     0  4071
R20_S11      0.00000     -254000. 4000 4072    0  3999     0  4071
R20_S12      0.00000     -211750. 4000 4072    0  3999     0  4071
R20_S20      42250.0     -296250. 4000 4072    0  3999     0  4071
R20_S21      42250.0     -254000. 4000 4072    0  3999     0  4071
R20_S22      42250.0     -211750. 4000 4072    0  3999     0  4071
R21_S00     -42250.0     -169250. 4000 4072    0  3999     0  4071
R21_S01     -42250.0     -127000. 4000 4072    0  3999     0  4071
R21_S02     -42250.0     -84750.0 4000 4072    0  3999     0  4071
R21_S10      0.00000     -169250. 4000 4072    0  3999     0  4071
R21_S11      0.00000     -127000. 4000 4072    0  3999     0  4071
R21_S12      0.00000     -84750.0 4000 4072    0  3999     0  4071
R21_S20      42250.0     -169250. 4000 4072    0  3999     0  4071
R21_S21      42250.0     -127000. 4000 4072    0  3999     0  4071
R21_S22      42250.0     -84750.0 4000 4072    0  3999     0  4071
R22_S00     -42250.0     -42250.0 4000 4072    0  3999     0  4071
R22_S01     -42250.0      0.00000 4000 4072    0  3999     0  4071
R22_S02     -42250.0      42250.0 4000 4072    0  3999     0  4071
R22_S10      0.00000     -42250.0 4000 4072    0  3999     0  4071
R22_S11      0.00000      0.00000 4000 4072    0  3999     0  4071
R22_S12      0.00000      42250.0 4000 4072    0  3999     0  4071
R22_S20      42250.0     -42250.0 4000 4072    0  3999     0  4071
R22_S21      42250.0      0.00000 4000 4072    0  3999     0  4071
R22_S22      42250.0      42250.0 4000 4072    0  3999     0  4071
R23_S00     -42250.0      84750.0 4000 4072    0  3999     0  4071
R23_S01     -42250.0      127000. 4000 4072    0  3999     0  4071
R23_S02     -42250.0      169250. 4000 4072    0  3999     0  4071
R23_S10      0.00000      84750.0 4000 4072    0  3999     0  4071
R23_S11      0.00000      127000. 4000 4072    0  3999     0  4071
R23_S12      0.00000      169250. 4000 4072    0  3999     0  4071
R23_S20      42250.0      84750.0 4000 4072    0  3999     0  4071
R23_S21      42250.0      127000. 4000 4072    0  3999     0  4071
R23_S22      42250.0      169250. 4000 4072    0  3999     0  4071
R24_S00     -42250.0      211750. 4000 4072    0  3999     0  4071
R24_S01     -42250.0      254000. 4000 4072    0  3999     0  4071
R24_S02     -42250.0      296250. 4000 4072    0  3999     0  4071
R24_S10      0.00000      211750. 4000 4072    0  3999     0  4071
R24_S11      0.00000      254000. 4000 4072    0  3999     0  4071
R24_S12      0.00000      296250. 4000 4072    0  3999     0  4071
R24_S20      42250.0      211750. 4000 4072    0  3999     0  4071
R24_S21      42250.0      254000. 4000 4072    0  3999     0  4071
R24_S22      42250.0      296250. 4000 4072    0  3999     0  4071
R30_S00      84750.0     -296250. 4000 4072    0  3999     0  4071
R30_S01      84750.0     -254000. 4000 4072    0  3999     0  4071
R30_S02      84750.0     -211750. 4000 4072    0  3999     0  4071
R30_S10      127000.     -296250. 4000 4072    0  3999     0  4071
R30_S11      127000.     -254000. 4000 4072    0  3999     0  4071
R30_S12      127000.     -211750. 4000 4072    0  3999     0  4071
R30_S20      169250.     -296250. 4000 4072    0  3999     0  4071
R30_S21      169250.     -254000. 4000 4072    0  3999     0  4071
R30_S22      169250.     -211750. 4000 4072    0  3999     0  4071
R31_S00      84750.0     -169250. 4000 4072    0  3999     0  4071
R31_S01      84750.0     -127000. 4000 4072    0  3999     0  4071
R31_S02      84750.0     -84750.0 4000 4072    0  3999     0  4071
R31_S10      127000.     -169250. 4000 4072    0  3999     0  4071
R31_S11      127000.     -127000. 4000 4072    0  3999     0  4071
R31_S12      127000.     -84750.0 4000 4072    0  3999     0  4071
R31_S20      169250.     -169250. 4000 4072    0  3999     0  4071
R31_S21      169250.     -127000. 4000 4072    0  3999     0  4071
R31_S22      169250.     -84750.0 4000 4072    0  3999     0  4071
R32_S00      84750.0     -42250.0 4000 4072    0  3999     0  4071
R32_S01      84750.0      0.00000 4000 4072    0  3999     0  4071
R32_S02      84750.0      42250.0 4000 4072    0  3999     0  4071
R32_S10      127000.     -42250.0 4000 4072    0  3999     0  4071
R32_S11      127000.      0.00000 4000 4072    0  3999     0  4071
R32_S12      127000.      42250.0 4000 4072    0  3999     0  4071
R32_S20      169250.     -42250.0 4000 4072    0  3999     0  4071
R32_S21      169250.      0.00000 4000 4072    0  3999     0  4071
R32_S22      169250.      42250.0 4000 4072    0  3999     0  4071
R33_S00      84750.0      84750.0 4000 4072    0  3999     0  4071
R33_S01      84750.0      127000. 4000 4072    0  3999     0  4071
R33_S02      84750.0      169250. 4000 4072    0  3999     0  4071
R33_S10      127000.      84750.0 4000 4072    0  3999     0  4071
R33_S11      127000.      127000. 4000 4072    0  3999     0  4071
R33_S12      127000.      169250. 4000 4072    0  3999     0  4071
R33_S20      169250.      84750.0 4000 4072    0  3999     0  4071
R33_S21      169250.      127000. 4000 4072    0  3999     0  4071
R33_S22      169250.      169250. 4000 4072    0  3999     0  4071
R34_S00      84750.0      211750. 4000 4072    0  3999     0  4071
R34_S01      84750.0      254000. 4000 4072    0  3999     0  4071
R34_S02      84750.0      296250. 4000 4072    0  3999     0  4071
R34_S10      127000.      211750. 4000 4072    0  3999     0  4071
R34_S11      127000.      254000. 4000 4072    0  3999     0  4071
R34_S12      127000.      296250. 4000 4072    0  3999     0  4071
R34_S20      169250.      211750. 4000 4072    0  3999     0  4071
R34_S21      169250.      254000. 4000 4072    0  3999     0  4071
R34_S22      169250.      296250. 4000 4072    0  3999     0  4071
R41_S00      211750.     -169250. 4000 4072    0  3999     0  4071
R41_S01      211750.     -127000. 4000 4072    0  3999     0  4071
R41_S02      211750.     -84750.0 4000 4072    0  3999     0  4071
R41_S10      254000.     -169250. 4000 4072    0  3999     0  4071
R41_S11      254000.     -127000. 4000 4072    0  3999     0  4071
R41_S12      254000.     -84750.0 4000 4072    0  3999     0  4071
R41_S20      296250.     -169250. 4000 4072    0  3999     0  4071
R41_S21      296250.     -127000. 4000 4072    0  3999     0  4071
R41_S22      296250.     -84750.0 4000 4072    0  3999     0  4071
R42_S00      211750.     -42250.0 4000 4072    0  3999     0  4071
R42_S01      211750.      0.00000 4000 4072    0  3999     0  4071
R42_S02      211750.      42250.0 4000 4072    0  3999     0  4071
R42_S10      254000.     -42250.0 4000 4072    0  3999     0  4071
R42_S11      254000.      0.00000 4000 4072    0  3999     0  4071
R42_S12      254000.      42250.0 4000 4072    0  3999     0  4071
R42_S20      296250.     -42250.0 4000 4072    0  3999     0  4071
R42_S21      296250.      0.00000 4000 4072    0  3999     0  4071
R42_S22      296250.      42250.0 4000 4072    0  3999     0  4071
R43_S00      211750.      84750.0 4000 4072    0  3999     0  4071
R43_S01      211750.      127000. 4000 4072    0  3999     0  4071
R43_S02      211750.      169250. 4000 4072    0  3999     0  4071
R43_S10      254000.      84750.0 4000 4072    0  3999     0  4071
R43_S11      254000.      127000. 4000 4072    0  3999     0  4071
R43_S12      254000.      169250. 4000 4072    0  3999     0  4071
R43_S20      296250.      84750.0 4000 4072    0  3999     0  4071
R43_S21      296250.      127000. 4000 4072    0  3999     0  4071
R43_S22      296250.      169250. 4000 4072    0  3999     0  4071
