R01_S00
 -3.162986450195312E+02
 -1.896615447998047E+02
 -3.163060302734375E+02
 -1.489255371093750E+02
 -2.763060302734375E+02
 -1.489183044433594E+02
 -2.762986450195312E+02
 -1.896542968750000E+02
R01_S01
 -3.162841796875000E+02
 -1.473330383300781E+02
 -3.162791442871094E+02
 -1.065970306396484E+02
 -2.762791442871094E+02
 -1.066019439697266E+02
 -2.762841796875000E+02
 -1.473379516601562E+02
R01_S02
 -3.163130798339844E+02
 -1.051580963134766E+02
 -3.163184204101562E+02
 -6.442208862304688E+01
 -2.763184204101562E+02
 -6.441685485839844E+01
 -2.763130798339844E+02
 -1.051528549194336E+02
R01_S10
 -2.740757141113281E+02
 -1.896039581298828E+02
 -2.740684204101562E+02
 -1.488679504394531E+02
 -2.340684051513672E+02
 -1.488751220703125E+02
 -2.340756988525391E+02
 -1.896111145019531E+02
R01_S11
 -2.740314331054688E+02
 -1.473193206787109E+02
 -2.740236816406250E+02
 -1.065833129882812E+02
 -2.340236816406250E+02
 -1.065909118652344E+02
 -2.340314025878906E+02
 -1.473269195556641E+02
R01_S12
 -2.740740051269531E+02
 -1.050759811401367E+02
 -2.740761108398438E+02
 -6.433998107910156E+01
 -2.340760955810547E+02
 -6.433793640136719E+01
 -2.340740203857422E+02
 -1.050739440917969E+02
R01_S20
 -2.317832641601562E+02
 -1.896241455078125E+02
 -2.317854614257812E+02
 -1.488881378173828E+02
 -1.917854614257812E+02
 -1.488859710693359E+02
 -1.917832641601562E+02
 -1.896219787597656E+02
R01_S21
 -2.317730255126953E+02
 -1.473236999511719E+02
 -2.317600860595703E+02
 -1.065876998901367E+02
 -1.917600860595703E+02
 -1.066004180908203E+02
 -1.917730255126953E+02
 -1.473364257812500E+02
R01_S22
 -2.317571411132812E+02
 -1.051225585937500E+02
 -2.317553405761719E+02
 -6.438655853271484E+01
 -1.917553405761719E+02
 -6.438831329345703E+01
 -1.917571411132812E+02
 -1.051243209838867E+02
R02_S00
 -3.161759033203125E+02
 -6.257875823974609E+01
 -3.161737976074219E+02
 -2.184275627136230E+01
 -2.761737976074219E+02
 -2.184479713439941E+01
 -2.761759033203125E+02
 -6.258079528808594E+01
R02_S01
 -3.161986389160156E+02
 -2.033580970764160E+01
 -3.162057800292969E+02
 2.040019035339355E+01 
 -2.762057800292969E+02
 2.040719032287598E+01 
 -2.761986389160156E+02
 -2.032880973815918E+01
R02_S02
 -3.162189636230469E+02
 2.189015007019043E+01 
 -3.162183227539062E+02
 6.262615203857422E+01 
 -2.762183227539062E+02
 6.262554931640625E+01 
 -2.762189636230469E+02
 2.188955116271973E+01 
R02_S10
 -2.739588928222656E+02
 -6.260076141357422E+01
 -2.739750671386719E+02
 -2.186476516723633E+01
 -2.339750671386719E+02
 -2.184888458251953E+01
 -2.339588928222656E+02
 -6.258488082885742E+01
R02_S11
 -2.739891357421875E+02
 -2.042043304443359E+01
 -2.740062561035156E+02
 2.031556129455566E+01 
 -2.340062561035156E+02
 2.033236122131348E+01 
 -2.339891510009766E+02
 -2.040363311767578E+01
R02_S12
 -2.740049133300781E+02
 2.184025192260742E+01 
 -2.740178222656250E+02
 6.257625198364258E+01 
 -2.340178375244141E+02
 6.258893203735352E+01 
 -2.340049285888672E+02
 2.185293197631836E+01 
R02_S20
 -2.316830749511719E+02
 -6.265942001342773E+01
 -2.316787719726562E+02
 -2.192342185974121E+01
 -1.916787719726562E+02
 -2.192765998840332E+01
 -1.916830749511719E+02
 -6.266366195678711E+01
R02_S21
 -2.316878509521484E+02
 -2.037731742858887E+01
 -2.316925811767578E+02
 2.035868263244629E+01 
 -1.916925811767578E+02
 2.036332130432129E+01 
 -1.916878509521484E+02
 -2.037267684936523E+01
R02_S22
 -2.317107849121094E+02
 2.187652397155762E+01 
 -2.317154235839844E+02
 6.261252212524414E+01 
 -1.917154235839844E+02
 6.261708450317383E+01 
 -1.917107849121094E+02
 2.188108253479004E+01 
R03_S00
 -3.162103576660156E+02
 6.440650177001953E+01 
 -3.162038574218750E+02
 1.051425094604492E+02 
 -2.762038574218750E+02
 1.051361465454102E+02 
 -2.762103576660156E+02
 6.440014648437500E+01 
R03_S01
 -3.161928710937500E+02
 1.066372680664062E+02 
 -3.161917114257812E+02
 1.473732604980469E+02 
 -2.761917114257812E+02
 1.473721466064453E+02 
 -2.761928710937500E+02
 1.066361465454102E+02 
R03_S02
 -3.161917419433594E+02
 1.488788452148438E+02 
 -3.161814270019531E+02
 1.896148529052734E+02 
 -2.761814270019531E+02
 1.896046905517578E+02 
 -2.761917419433594E+02
 1.488686828613281E+02 
R03_S10
 -2.739756469726562E+02
 6.441741180419922E+01 
 -2.739685363769531E+02
 1.051534118652344E+02 
 -2.339685516357422E+02
 1.051464538574219E+02 
 -2.339756317138672E+02
 6.441044616699219E+01 
R03_S11
 -2.739720764160156E+02
 1.066458511352539E+02 
 -2.739555358886719E+02
 1.473818359375000E+02 
 -2.339555206298828E+02
 1.473656005859375E+02 
 -2.339720611572266E+02
 1.066296081542969E+02 
R03_S12
 -2.739840698242188E+02
 1.489095916748047E+02 
 -2.739738159179688E+02
 1.896455841064453E+02 
 -2.339738159179688E+02
 1.896355133056641E+02 
 -2.339840698242188E+02
 1.488995056152344E+02 
R03_S20
 -2.317106323242188E+02
 6.437077331542969E+01 
 -2.317064514160156E+02
 1.051067733764648E+02 
 -1.917064514160156E+02
 1.051026535034180E+02 
 -1.917106323242188E+02
 6.436665344238281E+01 
R03_S21
 -2.317127380371094E+02
 1.066318283081055E+02 
 -2.316943359375000E+02
 1.473678131103516E+02 
 -1.916943359375000E+02
 1.473497314453125E+02 
 -1.917127380371094E+02
 1.066137466430664E+02 
R03_S22
 -2.317010040283203E+02
 1.488808898925781E+02 
 -2.317010345458984E+02
 1.896168975830078E+02 
 -1.917010345458984E+02
 1.896169281005859E+02 
 -1.917010040283203E+02
 1.488809356689453E+02 
R10_S00
 -1.892463836669922E+02
 -3.166047973632812E+02
 -1.892556304931641E+02
 -2.758688049316406E+02
 -1.492556304931641E+02
 -2.758597412109375E+02
 -1.492463836669922E+02
 -3.165957336425781E+02
R10_S01
 -1.892757568359375E+02
 -2.743475341796875E+02
 -1.892857666015625E+02
 -2.336115264892578E+02
 -1.492857666015625E+02
 -2.336016998291016E+02
 -1.492757568359375E+02
 -2.743376770019531E+02
R10_S02
 -1.893030395507812E+02
 -2.321051635742188E+02
 -1.893184814453125E+02
 -1.913691864013672E+02
 -1.493184814453125E+02
 -1.913540191650391E+02
 -1.493030395507812E+02
 -2.320900115966797E+02
R10_S10
 -1.470288543701172E+02
 -3.165699462890625E+02
 -1.470403900146484E+02
 -2.758339538574219E+02
 -1.070403823852539E+02
 -2.758226318359375E+02
 -1.070288619995117E+02
 -3.165586242675781E+02
R10_S11
 -1.470379943847656E+02
 -2.743362121582031E+02
 -1.470427246093750E+02
 -2.336002349853516E+02
 -1.070427322387695E+02
 -2.335955963134766E+02
 -1.070380020141602E+02
 -2.743315734863281E+02
R10_S12
 -1.470970458984375E+02
 -2.320766296386719E+02
 -1.471000061035156E+02
 -1.913406372070312E+02
 -1.071000137329102E+02
 -1.913377075195312E+02
 -1.070970382690430E+02
 -2.320737152099609E+02
R10_S20
 -1.048127975463867E+02
 -3.165892333984375E+02
 -1.048151626586914E+02
 -2.758532714843750E+02
 -6.481516265869141E+01
 -2.758509521484375E+02
 -6.481279754638672E+01
 -3.165869140625000E+02
R10_S21
 -1.047766494750977E+02
 -2.743888549804688E+02
 -1.047707443237305E+02
 -2.336528625488281E+02
 -6.477074432373047E+01
 -2.336586608886719E+02
 -6.477664947509766E+01
 -2.743946533203125E+02
R10_S22
 -1.048088684082031E+02
 -2.321234436035156E+02
 -1.048237838745117E+02
 -1.913874664306641E+02
 -6.482378387451172E+01
 -1.913728179931641E+02
 -6.480887603759766E+01
 -2.321088104248047E+02
R11_S00
 -1.891643981933594E+02
 -1.896688232421875E+02
 -1.891812133789062E+02
 -1.489328308105469E+02
 -1.491812133789062E+02
 -1.489163208007812E+02
 -1.491643981933594E+02
 -1.896522979736328E+02
R11_S01
 -1.892143859863281E+02
 -1.474197540283203E+02
 -1.892232971191406E+02
 -1.066837387084961E+02
 -1.492232971191406E+02
 -1.066749801635742E+02
 -1.492143859863281E+02
 -1.474109954833984E+02
R11_S02
 -1.892569580078125E+02
 -1.050948181152344E+02
 -1.892672729492188E+02
 -6.435881042480469E+01
 -1.492672729492188E+02
 -6.434869384765625E+01
 -1.492569580078125E+02
 -1.050846939086914E+02
R11_S10
 -1.469122619628906E+02
 -1.896204681396484E+02
 -1.469291992187500E+02
 -1.488844757080078E+02
 -1.069291992187500E+02
 -1.488678436279297E+02
 -1.069122619628906E+02
 -1.896038208007812E+02
R11_S11
 -1.469717712402344E+02
 -1.473438568115234E+02
 -1.469890899658203E+02
 -1.066078414916992E+02
 -1.069890823364258E+02
 -1.065908432006836E+02
 -1.069717788696289E+02
 -1.473268585205078E+02
R11_S12
 -1.469943084716797E+02
 -1.051759033203125E+02
 -1.469947662353516E+02
 -6.443990325927734E+01
 -1.069947586059570E+02
 -6.443946075439453E+01
 -1.069943161010742E+02
 -1.051754684448242E+02
R11_S20
 -1.046857910156250E+02
 -1.896579132080078E+02
 -1.046919403076172E+02
 -1.489219055175781E+02
 -6.469194030761719E+01
 -1.489158630371094E+02
 -6.468579101562500E+01
 -1.896518707275391E+02
R11_S21
 -1.047037353515625E+02
 -1.473600006103516E+02
 -1.047184829711914E+02
 -1.066240081787109E+02
 -6.471848297119141E+01
 -1.066095275878906E+02
 -6.470374298095703E+01
 -1.473455200195312E+02
R11_S22
 -1.047392807006836E+02
 -1.051251144409180E+02
 -1.047565460205078E+02
 -6.438911437988281E+01
 -6.475655364990234E+01
 -6.437215423583984E+01
 -6.473928833007812E+01
 -1.051081542968750E+02
R12_S00
 -1.892557373046875E+02
 -6.260184860229492E+01
 -1.892503356933594E+02
 -2.186584854125977E+01
 -1.492503356933594E+02
 -2.187116813659668E+01
 -1.492557373046875E+02
 -6.260716629028320E+01
R12_S01
 -1.892002410888672E+02
 -2.036911201477051E+01
 -1.891773223876953E+02
 2.036688232421875E+01 
 -1.491773223876953E+02
 2.034436225891113E+01 
 -1.492002563476562E+02
 -2.039163208007812E+01
R12_S02
 -1.892575073242188E+02
 2.188790130615234E+01 
 -1.892478637695312E+02
 6.262389755249023E+01 
 -1.492478637695312E+02
 6.261441802978516E+01 
 -1.492575073242188E+02
 2.187841987609863E+01 
R12_S10
 -1.470341339111328E+02
 -6.260447692871094E+01
 -1.470300140380859E+02
 -2.186847496032715E+01
 -1.070300140380859E+02
 -2.187251472473145E+01
 -1.070341262817383E+02
 -6.260851669311523E+01
R12_S11
 -1.469988250732422E+02
 -2.034427833557129E+01
 -1.469872283935547E+02
 2.039172172546387E+01 
 -1.069872207641602E+02
 2.038032150268555E+01 
 -1.069988250732422E+02
 -2.035567855834961E+01
R12_S12
 -1.470232391357422E+02
 2.192815017700195E+01 
 -1.470167236328125E+02
 6.266415023803711E+01 
 -1.070167236328125E+02
 6.265774917602539E+01 
 -1.070232391357422E+02
 2.192174911499023E+01 
R12_S20
 -1.047693328857422E+02
 -6.258746337890625E+01
 -1.047684020996094E+02
 -2.185146522521973E+01
 -6.476840209960938E+01
 -2.185238456726074E+01
 -6.476933288574219E+01
 -6.258838653564453E+01
R12_S21
 -1.047547607421875E+02
 -2.033881378173828E+01
 -1.047360687255859E+02
 2.039718437194824E+01 
 -6.473606872558594E+01
 2.037882423400879E+01 
 -6.475476837158203E+01
 -2.035717391967773E+01
R12_S22
 -1.047653274536133E+02
 2.183377456665039E+01 
 -1.047617874145508E+02
 6.256977462768555E+01 
 -6.476178741455078E+01
 6.256629562377930E+01 
 -6.476532745361328E+01
 2.183029556274414E+01 
R13_S00
 -1.892998809814453E+02
 6.434838867187500E+01 
 -1.892916107177734E+02
 1.050843887329102E+02 
 -1.492916107177734E+02
 1.050762710571289E+02 
 -1.492998809814453E+02
 6.434026336669922E+01 
R13_S01
 -1.892472534179688E+02
 1.065864944458008E+02 
 -1.892454223632812E+02
 1.473224945068359E+02 
 -1.492454223632812E+02
 1.473206939697266E+02 
 -1.492472534179688E+02
 1.065846939086914E+02 
R13_S02
 -1.892245178222656E+02
 1.488659973144531E+02 
 -1.892128295898438E+02
 1.896020050048828E+02 
 -1.492128295898438E+02
 1.895905303955078E+02 
 -1.492245178222656E+02
 1.488545227050781E+02 
R13_S10
 -1.470558776855469E+02
 6.443050384521484E+01 
 -1.470453796386719E+02
 1.051665039062500E+02 
 -1.070453720092773E+02
 1.051561889648438E+02 
 -1.070558776855469E+02
 6.442018127441406E+01 
R13_S11
 -1.470059661865234E+02
 1.066348876953125E+02 
 -1.470026397705078E+02
 1.473708801269531E+02 
 -1.070026321411133E+02
 1.473676147460938E+02 
 -1.070059738159180E+02
 1.066316146850586E+02 
R13_S12
 -1.470401611328125E+02
 1.488662414550781E+02 
 -1.470397644042969E+02
 1.896022491455078E+02 
 -1.070397567749023E+02
 1.896018524169922E+02 
 -1.070401687622070E+02
 1.488658447265625E+02 
R13_S20
 -1.047441329956055E+02
 6.439374542236328E+01 
 -1.047430343627930E+02
 1.051297531127930E+02 
 -6.474303436279297E+01
 1.051286697387695E+02 
 -6.474413299560547E+01
 6.439266967773438E+01 
R13_S21
 -1.047073593139648E+02
 1.066699142456055E+02 
 -1.047098464965820E+02
 1.474059143066406E+02 
 -6.470984649658203E+01
 1.474083404541016E+02 
 -6.470735931396484E+01
 1.066723480224609E+02 
R13_S22
 -1.047678756713867E+02
 1.488611755371094E+02 
 -1.047723617553711E+02
 1.895971832275391E+02 
 -6.477236175537109E+01
 1.896015777587891E+02 
 -6.476787567138672E+01
 1.488655700683594E+02 
R14_S00
 -1.892262725830078E+02
 1.913770141601562E+02 
 -1.892343292236328E+02
 2.321130065917969E+02 
 -1.492343292236328E+02
 2.321209259033203E+02 
 -1.492262725830078E+02
 1.913849334716797E+02 
R14_S01
 -1.892350921630859E+02
 2.336229095458984E+02 
 -1.892521514892578E+02
 2.743588867187500E+02 
 -1.492521514892578E+02
 2.743756713867188E+02 
 -1.492350921630859E+02
 2.336396789550781E+02 
R14_S02
 -1.892804718017578E+02
 2.759057922363281E+02 
 -1.892857208251953E+02
 3.166417846679688E+02 
 -1.492857208251953E+02
 3.166469421386719E+02 
 -1.492804718017578E+02
 2.759109497070312E+02 
R14_S10
 -1.470678558349609E+02
 1.913434143066406E+02 
 -1.470850677490234E+02
 2.320794067382812E+02 
 -1.070850753784180E+02
 2.320963287353516E+02 
 -1.070678482055664E+02
 1.913603363037109E+02 
R14_S11
 -1.470348815917969E+02
 2.336699676513672E+02 
 -1.470357818603516E+02
 2.744059753417969E+02 
 -1.070357818603516E+02
 2.744068603515625E+02 
 -1.070348815917969E+02
 2.336708526611328E+02 
R14_S12
 -1.470337677001953E+02
 2.759085693359375E+02 
 -1.470390167236328E+02
 3.166445617675781E+02 
 -1.070390167236328E+02
 3.166497192382812E+02 
 -1.070337677001953E+02
 2.759137268066406E+02 
R14_S20
 -1.048097763061523E+02
 1.913791046142578E+02 
 -1.048279876708984E+02
 2.321150970458984E+02 
 -6.482798767089844E+01
 2.321329803466797E+02 
 -6.480978393554688E+01
 1.913969879150391E+02 
R14_S21
 -1.047897796630859E+02
 2.336313781738281E+02 
 -1.048055801391602E+02
 2.743673706054688E+02 
 -6.480558776855469E+01
 2.743828735351562E+02 
 -6.478978729248047E+01
 2.336468963623047E+02 
R14_S22
 -1.047926788330078E+02
 2.758488464355469E+02 
 -1.047940216064453E+02
 3.165848388671875E+02 
 -6.479402160644531E+01
 3.165861511230469E+02 
 -6.479267883300781E+01
 2.758501586914062E+02 
R20_S00
 -6.223926162719727E+01
 -3.165807189941406E+02
 -6.223437500000000E+01
 -2.758447265625000E+02
 -2.223437500000000E+01
 -2.758495178222656E+02
 -2.223926544189453E+01
 -3.165855102539062E+02
R20_S01
 -6.226067733764648E+01
 -2.743494567871094E+02
 -6.226348495483398E+01
 -2.336134490966797E+02
 -2.226348686218262E+01
 -2.336107025146484E+02
 -2.226067543029785E+01
 -2.743466796875000E+02
R20_S02
 -6.229448318481445E+01
 -2.320911407470703E+02
 -6.228662490844727E+01
 -1.913551330566406E+02
 -2.228662300109863E+01
 -1.913628540039062E+02
 -2.229448509216309E+01
 -2.320988616943359E+02
R20_S10
 -1.999687194824219E+01
 -3.165731811523438E+02
 -1.998884582519531E+01
 -2.758371887207031E+02
 2.001115226745605E+01 
 -2.758450927734375E+02
 2.000312614440918E+01 
 -3.165810546875000E+02
R20_S11
 -2.000666999816895E+01
 -2.743259277343750E+02
 -1.999440956115723E+01
 -2.335899353027344E+02
 2.000559043884277E+01 
 -2.336019744873047E+02
 1.999332809448242E+01 
 -2.743379516601562E+02
R20_S12
 -1.998498153686523E+01
 -2.320922393798828E+02
 -1.998090934753418E+01
 -1.913562316894531E+02
 2.001909065246582E+01 
 -1.913602294921875E+02
 2.001501655578613E+01 
 -2.320962371826172E+02
R20_S20
 2.224664115905762E+01 
 -3.166311340332031E+02
 2.225682449340820E+01 
 -2.758951416015625E+02
 6.225682449340820E+01 
 -2.759051208496094E+02
 6.224663925170898E+01 
 -3.166411132812500E+02
R20_S21
 2.224980735778809E+01 
 -2.744028930664062E+02
 2.225216865539551E+01 
 -2.336669006347656E+02
 6.225217056274414E+01 
 -2.336692199707031E+02
 6.224980545043945E+01 
 -2.744052124023438E+02
R20_S22
 2.227226829528809E+01 
 -2.320890045166016E+02
 2.228522109985352E+01 
 -1.913529968261719E+02
 6.228522109985352E+01 
 -1.913657226562500E+02
 6.227226638793945E+01 
 -2.321017303466797E+02
R21_S00
 -6.218439102172852E+01
 -1.895831298828125E+02
 -6.218264389038086E+01
 -1.488471374511719E+02
 -2.218264198303223E+01
 -1.488488464355469E+02
 -2.218439292907715E+01
 -1.895848541259766E+02
R21_S01
 -6.226304626464844E+01
 -1.473477630615234E+02
 -6.225637054443359E+01
 -1.066117477416992E+02
 -2.225636863708496E+01
 -1.066183090209961E+02
 -2.226304817199707E+01
 -1.473543243408203E+02
R21_S02
 -6.221224212646484E+01
 -1.051097717285156E+02
 -6.221415710449219E+01
 -6.437376403808594E+01
 -2.221415710449219E+01
 -6.437188720703125E+01
 -2.221224212646484E+01
 -1.051078872680664E+02
R21_S10
 -1.999507522583008E+01
 -1.896299896240234E+02
 -1.998183631896973E+01
 -1.488939819335938E+02
 2.001816177368164E+01 
 -1.489069824218750E+02
 2.000492286682129E+01 
 -1.896429901123047E+02
R21_S11
 -2.002091026306152E+01
 -1.473213958740234E+02
 -2.001101303100586E+01
 -1.065853805541992E+02
 1.998898506164551E+01 
 -1.065951004028320E+02
 1.997908592224121E+01 
 -1.473311157226562E+02
R21_S12
 -1.999612236022949E+01
 -1.050550079345703E+02
 -1.998679351806641E+01
 -6.431900787353516E+01
 2.001320457458496E+01 
 -6.432816314697266E+01
 2.000387573242188E+01 
 -1.050641708374023E+02
R21_S20
 2.225211334228516E+01 
 -1.896488189697266E+02
 2.225989532470703E+01 
 -1.489128265380859E+02
 6.225989151000977E+01 
 -1.489204559326172E+02
 6.225211334228516E+01 
 -1.896564636230469E+02
R21_S21
 2.228411102294922E+01 
 -1.473810882568359E+02
 2.229364204406738E+01 
 -1.066450805664062E+02
 6.229364013671875E+01 
 -1.066544418334961E+02
 6.228410720825195E+01 
 -1.473904418945312E+02
R21_S22
 2.226997375488281E+01 
 -1.050829086303711E+02
 2.226553535461426E+01 
 -6.434690856933594E+01
 6.226553344726562E+01 
 -6.434254455566406E+01
 6.226997375488281E+01 
 -1.050785522460938E+02
R22_S00
 -6.226141738891602E+01
 -6.258646392822266E+01
 -6.226003646850586E+01
 -2.185046386718750E+01
 -2.226003456115723E+01
 -2.185182189941406E+01
 -2.226141929626465E+01
 -6.258782196044922E+01
R22_S01
 -6.223248291015625E+01
 -2.036488533020020E+01
 -6.223497009277344E+01
 2.037111473083496E+01 
 -2.223496818542480E+01
 2.037355422973633E+01 
 -2.223248481750488E+01
 -2.036244583129883E+01
R22_S02
 -6.219231033325195E+01
 2.184222602844238E+01 
 -6.218371963500977E+01
 6.257822418212891E+01 
 -2.218371772766113E+01
 6.256978607177734E+01 
 -2.219231414794922E+01
 2.183378601074219E+01 
R22_S10
 -2.001266098022461E+01
 -6.265668869018555E+01
 -2.000048255920410E+01
 -2.192069053649902E+01
 1.999951553344727E+01 
 -2.193265151977539E+01
 1.998733711242676E+01 
 -6.266865158081055E+01
R22_S11
 -1.999348068237305E+01
 -2.034284591674805E+01
 -1.999747085571289E+01
 2.039315414428711E+01 
 2.000252723693848E+01 
 2.039707374572754E+01 
 2.000651931762695E+01 
 -2.033892631530762E+01
R22_S12
 -1.994047927856445E+01
 2.185856437683105E+01 
 -1.994043922424316E+01
 6.259456253051758E+01 
 2.005956077575684E+01 
 6.259452438354492E+01 
 2.005952072143555E+01 
 2.185852241516113E+01 
R22_S20
 2.228943824768066E+01 
 -6.265367507934570E+01
 2.228230857849121E+01 
 -2.191767692565918E+01
 6.228231048583984E+01 
 -2.191067886352539E+01
 6.228943634033203E+01 
 -6.264667510986328E+01
R22_S21
 2.223816871643066E+01 
 -2.033214950561523E+01
 2.223690605163574E+01 
 2.040385246276855E+01 
 6.223690795898438E+01 
 2.040509223937988E+01 
 6.223816680908203E+01 
 -2.033090972900391E+01
R22_S22
 2.228936767578125E+01 
 2.187014198303223E+01 
 2.229967498779297E+01 
 6.260614013671875E+01 
 6.229967498779297E+01 
 6.259601974487305E+01 
 6.228936767578125E+01 
 2.186002159118652E+01 
R23_S00
 -6.229607772827148E+01
 6.439143371582031E+01 
 -6.229807281494141E+01
 1.051274414062500E+02 
 -2.229807090759277E+01
 1.051293945312500E+02 
 -2.229607582092285E+01
 6.439339447021484E+01 
R23_S01
 -6.228717041015625E+01
 1.066195297241211E+02 
 -6.228346252441406E+01
 1.473555297851562E+02 
 -2.228346443176270E+01
 1.473518829345703E+02 
 -2.228717041015625E+01
 1.066158905029297E+02 
R23_S02
 -6.226829528808594E+01
 1.488558502197266E+02 
 -6.226206588745117E+01
 1.895918426513672E+02 
 -2.226206588745117E+01
 1.895857238769531E+02 
 -2.226829910278320E+01
 1.488497314453125E+02 
R23_S10
 -1.997918891906738E+01
 6.440077209472656E+01 
 -1.998232460021973E+01
 1.051367721557617E+02 
 2.001767539978027E+01 
 1.051398544311523E+02 
 2.002081108093262E+01 
 6.440384674072266E+01 
R23_S11
 -2.006933593750000E+01
 1.066680908203125E+02 
 -2.007055664062500E+01
 1.474040832519531E+02 
 1.992944335937500E+01 
 1.474052886962891E+02 
 1.993066406250000E+01 
 1.066692886352539E+02 
R23_S12
 -2.004373168945312E+01
 1.488312683105469E+02 
 -2.004686737060547E+01
 1.895672760009766E+02 
 1.995313072204590E+01 
 1.895703582763672E+02 
 1.995626831054688E+01 
 1.488343505859375E+02 
R23_S20
 2.218495368957520E+01 
 6.439258575439453E+01 
 2.218955612182617E+01 
 1.051285858154297E+02 
 6.218955612182617E+01 
 1.051240692138672E+02 
 6.218495559692383E+01 
 6.438806152343750E+01 
R23_S21
 2.224762725830078E+01 
 1.066039733886719E+02 
 2.224644470214844E+01 
 1.473399658203125E+02 
 6.224644470214844E+01 
 1.473411254882812E+02 
 6.224762725830078E+01 
 1.066051406860352E+02 
R23_S22
 2.222122001647949E+01 
 1.488401031494141E+02 
 2.223295021057129E+01 
 1.895760955810547E+02 
 6.223295211791992E+01 
 1.895645751953125E+02 
 6.222121810913086E+01 
 1.488285827636719E+02 
R24_S00
 -6.216500854492188E+01
 1.914167938232422E+02 
 -6.215400695800781E+01
 2.321528015136719E+02 
 -2.215400886535645E+01
 2.321419982910156E+02 
 -2.216500854492188E+01
 1.914059906005859E+02 
R24_S01
 -6.219717788696289E+01
 2.336371459960938E+02 
 -6.220161819458008E+01
 2.743731689453125E+02 
 -2.220161819458008E+01
 2.743775024414062E+02 
 -2.219717979431152E+01
 2.336415100097656E+02 
R24_S02
 -6.220761489868164E+01
 2.759307556152344E+02 
 -6.221425628662109E+01
 3.166667480468750E+02 
 -2.221425819396973E+01
 3.166732482910156E+02 
 -2.220761680603027E+01
 2.759372558593750E+02 
R24_S10
 -1.992376708984375E+01
 1.914122314453125E+02 
 -1.992914390563965E+01
 2.321482391357422E+02 
 2.007085418701172E+01 
 2.321535186767578E+02 
 2.007623291015625E+01 
 1.914175109863281E+02 
R24_S11
 -1.992947006225586E+01
 2.336117401123047E+02 
 -1.993211936950684E+01
 2.743477478027344E+02 
 2.006788253784180E+01 
 2.743503417968750E+02 
 2.007052993774414E+01 
 2.336143341064453E+02 
R24_S12
 -1.992845535278320E+01
 2.759030151367188E+02 
 -1.993664169311523E+01
 3.166390075683594E+02 
 2.006335639953613E+01 
 3.166470336914062E+02 
 2.007154464721680E+01 
 2.759110412597656E+02 
R24_S20
 2.227261734008789E+01 
 1.913878173828125E+02 
 2.228174400329590E+01 
 2.321238250732422E+02 
 6.228173828125000E+01 
 2.321148529052734E+02 
 6.227261734008789E+01 
 1.913788604736328E+02 
R24_S21
 2.225344085693359E+01 
 2.336537322998047E+02 
 2.224386787414551E+01 
 2.743897399902344E+02 
 6.224386596679688E+01 
 2.743991394042969E+02 
 6.225343704223633E+01 
 2.336631317138672E+02 
R24_S22
 2.231737518310547E+01 
 2.758482360839844E+02 
 2.232324218750000E+01 
 3.165842285156250E+02 
 6.232323837280273E+01 
 3.165784606933594E+02 
 6.231737518310547E+01 
 2.758424682617188E+02 
R30_S00
 6.471978759765625E+01 
 -3.166072692871094E+02
 6.471078491210938E+01 
 -2.758712768554688E+02
 1.047107849121094E+02 
 -2.758624572753906E+02
 1.047197875976562E+02 
 -3.165984497070312E+02
R30_S01
 6.475224304199219E+01 
 -2.743584289550781E+02
 6.474638366699219E+01 
 -2.336224365234375E+02
 1.047463836669922E+02 
 -2.336166687011719E+02
 1.047522430419922E+02 
 -2.743526611328125E+02
R30_S02
 6.469637298583984E+01 
 -2.320728149414062E+02
 6.470003509521484E+01 
 -1.913368072509766E+02
 1.047000350952148E+02 
 -1.913404083251953E+02
 1.046963729858398E+02 
 -2.320764160156250E+02
R30_S10
 1.069336166381836E+02 
 -3.166670837402344E+02
 1.069253158569336E+02 
 -2.759310913085938E+02
 1.469253082275391E+02 
 -2.759229431152344E+02
 1.469336242675781E+02 
 -3.166589355468750E+02
R30_S11
 1.069770431518555E+02 
 -2.743602905273438E+02
 1.069777755737305E+02 
 -2.336242828369141E+02
 1.469777832031250E+02 
 -2.336250152587891E+02
 1.469770507812500E+02 
 -2.743609924316406E+02
R30_S12
 1.069557189941406E+02 
 -2.321338500976562E+02
 1.069507904052734E+02 
 -1.913978576660156E+02
 1.469507904052734E+02 
 -1.913930053710938E+02
 1.469557189941406E+02 
 -2.321290130615234E+02
R30_S20
 1.491787567138672E+02 
 -3.166046447753906E+02
 1.491796417236328E+02 
 -2.758686523437500E+02
 1.891796417236328E+02 
 -2.758695373535156E+02
 1.891787567138672E+02 
 -3.166055297851562E+02
R30_S21
 1.492453002929688E+02 
 -2.743523254394531E+02
 1.492332153320312E+02 
 -2.336163482666016E+02
 1.892332153320312E+02 
 -2.336044769287109E+02
 1.892453002929688E+02 
 -2.743404541015625E+02
R30_S22
 1.492455902099609E+02 
 -2.321363220214844E+02
 1.492311248779297E+02 
 -1.914003295898438E+02
 1.892311248779297E+02 
 -1.913861389160156E+02
 1.892455902099609E+02 
 -2.321221313476562E+02
R31_S00
 6.465438079833984E+01 
 -1.895603027343750E+02
 6.467082977294922E+01 
 -1.488243255615234E+02
 1.046708297729492E+02 
 -1.488404846191406E+02
 1.046543731689453E+02 
 -1.895764617919922E+02
R31_S01
 6.467603302001953E+01 
 -1.473262786865234E+02
 6.467537689208984E+01 
 -1.065902633666992E+02
 1.046753768920898E+02 
 -1.065896224975586E+02
 1.046760330200195E+02 
 -1.473256378173828E+02
R31_S02
 6.466510009765625E+01 
 -1.051512603759766E+02
 6.467259216308594E+01 
 -6.441526031494141E+01
 1.046725921630859E+02 
 -6.442261505126953E+01
 1.046651000976562E+02 
 -1.051586227416992E+02
R31_S10
 1.069687423706055E+02 
 -1.895774230957031E+02
 1.069831619262695E+02 
 -1.488414154052734E+02
 1.469831542968750E+02 
 -1.488555755615234E+02
 1.469687500000000E+02 
 -1.895915832519531E+02
R31_S11
 1.069412994384766E+02 
 -1.473225708007812E+02
 1.069458618164062E+02 
 -1.065865554809570E+02
 1.469458618164062E+02 
 -1.065910415649414E+02
 1.469412994384766E+02 
 -1.473270568847656E+02
R31_S12
 1.069151382446289E+02 
 -1.051080398559570E+02
 1.069321975708008E+02 
 -6.437203979492188E+01
 1.469321899414062E+02 
 -6.438880157470703E+01
 1.469151306152344E+02 
 -1.051248016357422E+02
R31_S20
 1.492193450927734E+02 
 -1.896447143554688E+02
 1.492154693603516E+02 
 -1.489087219238281E+02
 1.892154693603516E+02 
 -1.489049224853516E+02
 1.892193450927734E+02 
 -1.896409149169922E+02
R31_S21
 1.491957397460938E+02 
 -1.473330841064453E+02
 1.492111816406250E+02 
 -1.065970916748047E+02
 1.892111816406250E+02 
 -1.066122512817383E+02
 1.891957397460938E+02 
 -1.473482360839844E+02
R31_S22
 1.491991271972656E+02 
 -1.050958175659180E+02
 1.491975097656250E+02 
 -6.435981750488281E+01
 1.891975097656250E+02 
 -6.435821533203125E+01
 1.891991271972656E+02 
 -1.050942230224609E+02
R32_S00
 6.475221252441406E+01 
 -6.260517883300781E+01
 6.474867248535156E+01 
 -2.186917877197266E+01
 1.047486724853516E+02 
 -2.186569976806641E+01
 1.047522125244141E+02 
 -6.260169982910156E+01
R32_S01
 6.480389404296875E+01 
 -2.036794853210449E+01
 6.479835510253906E+01 
 2.036804962158203E+01 
 1.047983551025391E+02 
 2.037348937988281E+01 
 1.048038940429688E+02 
 -2.036250877380371E+01
R32_S02
 6.479323577880859E+01 
 2.186142730712891E+01 
 6.478903961181641E+01 
 6.259742736816406E+01 
 1.047890396118164E+02 
 6.260154724121094E+01 
 1.047932357788086E+02 
 2.186554718017578E+01 
R32_S10
 1.069822158813477E+02 
 -6.262219238281250E+01
 1.069856796264648E+02 
 -2.188619422912598E+01
 1.469856719970703E+02 
 -2.188959503173828E+01
 1.469822235107422E+02 
 -6.262559509277344E+01
R32_S11
 1.070056076049805E+02 
 -2.037411308288574E+01
 1.070008468627930E+02 
 2.036188697814941E+01 
 1.470008392333984E+02 
 2.036656570434570E+01 
 1.470056152343750E+02 
 -2.036943435668945E+01
R32_S12
 1.069751892089844E+02 
 2.188612556457520E+01 
 1.069694061279297E+02 
 6.262212371826172E+01 
 1.469694061279297E+02 
 6.262780380249023E+01 
 1.469751892089844E+02 
 2.189180564880371E+01 
R32_S20
 1.492670745849609E+02 
 -6.260917663574219E+01
 1.492654876708984E+02 
 -2.187317848205566E+01
 1.892654876708984E+02 
 -2.187161827087402E+01
 1.892670745849609E+02 
 -6.260762023925781E+01
R32_S21
 1.492266845703125E+02 
 -2.032734489440918E+01
 1.492198181152344E+02 
 2.040865325927734E+01 
 1.892198028564453E+02 
 2.041541481018066E+01 
 1.892266845703125E+02 
 -2.032058525085449E+01
R32_S22
 1.492183990478516E+02 
 2.192063140869141E+01 
 1.492227935791016E+02 
 6.265663146972656E+01 
 1.892227935791016E+02 
 6.265231323242188E+01 
 1.892183990478516E+02 
 2.191631317138672E+01 
R33_S00
 6.473317718505859E+01 
 6.432904815673828E+01 
 6.472153472900391E+01 
 1.050650482177734E+02 
 1.047215347290039E+02 
 1.050764923095703E+02 
 1.047331771850586E+02 
 6.434048461914062E+01 
R33_S01
 6.470961761474609E+01 
 1.066220474243164E+02 
 6.469915008544922E+01 
 1.473580474853516E+02 
 1.046991500854492E+02 
 1.473683166503906E+02 
 1.047096176147461E+02 
 1.066323242187500E+02 
R33_S02
 6.472190093994141E+01 
 1.488445129394531E+02 
 6.470540618896484E+01 
 1.895805053710938E+02 
 1.047053985595703E+02 
 1.895967102050781E+02 
 1.047218933105469E+02 
 1.488607177734375E+02 
R33_S10
 1.069405670166016E+02 
 6.435199737548828E+01 
 1.069395141601562E+02 
 1.050880050659180E+02 
 1.469395141601562E+02 
 1.050890426635742E+02 
 1.469405822753906E+02 
 6.435304260253906E+01 
R33_S11
 1.069335327148438E+02 
 1.066784057617188E+02 
 1.069361419677734E+02 
 1.474143981933594E+02 
 1.469361419677734E+02 
 1.474118499755859E+02 
 1.469335327148438E+02 
 1.066758499145508E+02 
R33_S12
 1.069990310668945E+02 
 1.488354949951172E+02 
 1.069840850830078E+02 
 1.895714874267578E+02 
 1.469840850830078E+02 
 1.895861663818359E+02 
 1.469990386962891E+02 
 1.488501739501953E+02 
R33_S20
 1.492714996337891E+02 
 6.441337585449219E+01 
 1.492712249755859E+02 
 1.051493835449219E+02 
 1.892712249755859E+02 
 1.051496582031250E+02 
 1.892714996337891E+02 
 6.441365814208984E+01 
R33_S21
 1.492163543701172E+02 
 1.066318740844727E+02 
 1.492067108154297E+02 
 1.473678741455078E+02 
 1.892067108154297E+02 
 1.473773498535156E+02 
 1.892163543701172E+02 
 1.066413574218750E+02 
R33_S22
 1.492139129638672E+02 
 1.489322814941406E+02 
 1.492162017822266E+02 
 1.896682739257812E+02 
 1.892162017822266E+02 
 1.896660461425781E+02 
 1.892139129638672E+02 
 1.489300384521484E+02 
R34_S00
 6.470262145996094E+01 
 1.913203277587891E+02 
 6.469834899902344E+01 
 2.320563201904297E+02 
 1.046983489990234E+02 
 2.320605316162109E+02 
 1.047026214599609E+02 
 1.913245239257812E+02 
R34_S01
 6.467774200439453E+01 
 2.336537017822266E+02 
 6.466799926757812E+01 
 2.743897094726562E+02 
 1.046679992675781E+02 
 2.743992614746094E+02 
 1.046777343750000E+02 
 2.336632690429688E+02 
R34_S02
 6.469091796875000E+01 
 2.758791198730469E+02 
 6.468005371093750E+01 
 3.166151123046875E+02 
 1.046800460815430E+02 
 3.166257629394531E+02 
 1.046909179687500E+02 
 2.758898010253906E+02 
R34_S10
 1.070183410644531E+02 
 1.913704986572266E+02 
 1.070171203613281E+02 
 2.321065063476562E+02 
 1.470171203613281E+02 
 2.321076965332031E+02 
 1.470183410644531E+02 
 1.913717041015625E+02 
R34_S11
 1.069677429199219E+02 
 2.335861968994141E+02 
 1.069659118652344E+02 
 2.743222045898438E+02 
 1.469659118652344E+02 
 2.743240051269531E+02 
 1.469677429199219E+02 
 2.335879974365234E+02 
R34_S12
 1.069586105346680E+02 
 2.758941955566406E+02 
 1.069379196166992E+02 
 3.166301574707031E+02 
 1.469379272460938E+02 
 3.166504821777344E+02 
 1.469586181640625E+02 
 2.759145202636719E+02 
R34_S20
 1.492676086425781E+02 
 1.913506622314453E+02 
 1.492471466064453E+02 
 2.320866546630859E+02 
 1.892471466064453E+02 
 2.321067352294922E+02 
 1.892675933837891E+02 
 1.913707427978516E+02 
R34_S21
 1.492045745849609E+02 
 2.336159820556641E+02 
 1.491855316162109E+02 
 2.743519592285156E+02 
 1.891855163574219E+02 
 2.743706970214844E+02 
 1.892045745849609E+02 
 2.336347045898438E+02 
R34_S22
 1.492318725585938E+02 
 2.758953552246094E+02 
 1.492141113281250E+02 
 3.166313476562500E+02 
 1.892141113281250E+02 
 3.166487731933594E+02 
 1.892318725585938E+02 
 2.759127807617188E+02 
R41_S00
 1.917250518798828E+02 
 -1.896060333251953E+02
 1.917062835693359E+02 
 -1.488700408935547E+02
 2.317062835693359E+02 
 -1.488516082763672E+02
 2.317250518798828E+02 
 -1.895875854492188E+02
R41_S01
 1.916827545166016E+02 
 -1.474238281250000E+02
 1.916644439697266E+02 
 -1.066878356933594E+02
 2.316644287109375E+02 
 -1.066698379516602E+02
 2.316827545166016E+02 
 -1.474058227539062E+02
R41_S02
 1.917227325439453E+02 
 -1.051358795166016E+02
 1.917250213623047E+02 
 -6.439987182617188E+01
 2.317250213623047E+02 
 -6.440211486816406E+01
 2.317227325439453E+02 
 -1.051381149291992E+02
R41_S10
 2.339880523681641E+02 
 -1.896538696289062E+02
 2.339869537353516E+02 
 -1.489178619384766E+02
 2.739869384765625E+02 
 -1.489167938232422E+02
 2.739880676269531E+02 
 -1.896527862548828E+02
R41_S11
 2.339715576171875E+02 
 -1.473444061279297E+02
 2.339726562500000E+02 
 -1.066083908081055E+02
 2.739726562500000E+02 
 -1.066094741821289E+02
 2.739715270996094E+02 
 -1.473454895019531E+02
R41_S12
 2.339376220703125E+02 
 -1.051110305786133E+02
 2.339190673828125E+02 
 -6.437503051757812E+01
 2.739190673828125E+02 
 -6.435678863525391E+01
 2.739376220703125E+02 
 -1.050927886962891E+02
R41_S20
 2.762445068359375E+02 
 -1.895727691650391E+02
 2.762384643554688E+02 
 -1.488367614746094E+02
 3.162384643554688E+02 
 -1.488308410644531E+02
 3.162445068359375E+02 
 -1.895668487548828E+02
R41_S21
 2.762393188476562E+02 
 -1.473325958251953E+02
 2.762310180664062E+02 
 -1.065965881347656E+02
 3.162310180664062E+02 
 -1.065884246826172E+02
 3.162393188476562E+02 
 -1.473244323730469E+02
R41_S22
 2.762448120117188E+02 
 -1.051709518432617E+02
 2.762303466796875E+02 
 -6.443494415283203E+01
 3.162303161621094E+02 
 -6.442070770263672E+01
 3.162448120117188E+02 
 -1.051567077636719E+02
R42_S00
 1.916926574707031E+02 
 -6.261109542846680E+01
 1.916921386718750E+02 
 -2.187509536743164E+01
 2.316921386718750E+02 
 -2.187457656860352E+01
 2.316926574707031E+02 
 -6.261057662963867E+01
R42_S01
 1.917178344726562E+02 
 -2.033889007568359E+01
 1.917065429687500E+02 
 2.039710998535156E+01 
 2.317065429687500E+02 
 2.040818977355957E+01 
 2.317178344726562E+02 
 -2.032780838012695E+01
R42_S02
 1.917046813964844E+02 
 2.190136528015137E+01 
 1.916967163085938E+02 
 6.263736343383789E+01 
 2.316967010498047E+02 
 6.264520263671875E+01 
 2.317046813964844E+02 
 2.190920639038086E+01 
R42_S10
 2.340167846679688E+02 
 -6.260578536987305E+01
 2.340106811523438E+02 
 -2.186978721618652E+01
 2.740106811523438E+02 
 -2.186378669738770E+01
 2.740167846679688E+02 
 -6.259978866577148E+01
R42_S11
 2.339810028076172E+02 
 -2.035976600646973E+01
 2.339864196777344E+02 
 2.037623214721680E+01 
 2.739864196777344E+02 
 2.037091445922852E+01 
 2.739809875488281E+02 
 -2.036508750915527E+01
R42_S12
 2.340001373291016E+02 
 2.189941978454590E+01 
 2.339891815185547E+02 
 6.263542175292969E+01 
 2.739891967773438E+02 
 6.264617919921875E+01 
 2.740001525878906E+02 
 2.191018104553223E+01 
R42_S20
 2.762110595703125E+02 
 -6.261005020141602E+01
 2.762113647460938E+02 
 -2.187405204772949E+01
 3.162113647460938E+02 
 -2.187433242797852E+01
 3.162110595703125E+02 
 -6.261033248901367E+01
R42_S21
 2.761936645507812E+02 
 -2.033896255493164E+01
 2.761824951171875E+02 
 2.039703750610352E+01 
 3.161824951171875E+02 
 2.040799713134766E+01 
 3.161936645507812E+02 
 -2.032800292968750E+01
R42_S22
 2.762076416015625E+02 
 2.184101486206055E+01 
 2.761929931640625E+02 
 6.257701110839844E+01 
 3.161929931640625E+02 
 6.259141159057617E+01 
 3.162076416015625E+02 
 2.185541534423828E+01 
R43_S00
 1.916828002929688E+02 
 6.435334014892578E+01 
 1.916777038574219E+02 
 1.050893402099609E+02 
 2.316777038574219E+02 
 1.050943450927734E+02 
 2.316828002929688E+02 
 6.435833740234375E+01 
R43_S01
 1.916990814208984E+02 
 1.066393737792969E+02 
 1.917005462646484E+02 
 1.473753662109375E+02 
 2.317005462646484E+02 
 1.473739318847656E+02 
 2.316990814208984E+02 
 1.066379318237305E+02 
R43_S02
 1.917418365478516E+02 
 1.488765411376953E+02 
 1.917468719482422E+02 
 1.896125335693359E+02 
 2.317468719482422E+02 
 1.896075744628906E+02 
 2.317418365478516E+02 
 1.488715820312500E+02 
R43_S10
 2.339772644042969E+02 
 6.433432769775391E+01 
 2.339783935546875E+02 
 1.050703277587891E+02 
 2.739783935546875E+02 
 1.050692138671875E+02 
 2.739772338867188E+02 
 6.433320617675781E+01 
R43_S11
 2.340210876464844E+02 
 1.066492309570312E+02 
 2.340218505859375E+02 
 1.473852233886719E+02 
 2.740218505859375E+02 
 1.473844757080078E+02 
 2.740210876464844E+02 
 1.066484756469727E+02 
R43_S12
 2.339976196289062E+02 
 1.488614959716797E+02 
 2.339909973144531E+02 
 1.895974884033203E+02 
 2.739909973144531E+02 
 1.896040191650391E+02 
 2.739976196289062E+02 
 1.488680114746094E+02 
R43_S20
 2.761859436035156E+02 
 6.435137939453125E+01 
 2.761778259277344E+02 
 1.050873794555664E+02 
 3.161778259277344E+02 
 1.050953445434570E+02 
 3.161859436035156E+02 
 6.435933685302734E+01 
R43_S21
 2.762323913574219E+02 
 1.066339721679688E+02 
 2.762414855957031E+02 
 1.473699645996094E+02 
 3.162414855957031E+02 
 1.473610534667969E+02 
 3.162323913574219E+02 
 1.066250534057617E+02 
R43_S22
 2.762610473632812E+02 
 1.488898010253906E+02 
 2.762569274902344E+02 
 1.896258087158203E+02 
 3.162569274902344E+02 
 1.896298370361328E+02 
 3.162610473632812E+02 
 1.488938446044922E+02 